0	train	1.0960824489593506	0.4166666666666667
0	val	1.1020259857177734	0.338
0	test	1.1025999784469604	0.314
1	train	1.095603585243225	0.4
1	val	1.1036313772201538	0.382
1	test	1.104048490524292	0.375
2	train	1.0955418348312378	0.36666666666666664
2	val	1.1056135892868042	0.404
2	test	1.1059038639068604	0.395
3	train	1.0952849388122559	0.3333333333333333
3	val	1.1065064668655396	0.406
3	test	1.1068066358566284	0.399
4	train	1.0946859121322632	0.35
4	val	1.1059682369232178	0.408
4	test	1.1063294410705566	0.392
5	train	1.0941425561904907	0.4166666666666667
5	val	1.1068472862243652	0.41
5	test	1.1073983907699585	0.388
6	train	1.0936105251312256	0.43333333333333335
6	val	1.1069592237472534	0.408
6	test	1.107595682144165	0.387
7	train	1.0929762125015259	0.43333333333333335
7	val	1.1071128845214844	0.408
7	test	1.1078981161117554	0.383
8	train	1.0923206806182861	0.4666666666666667
8	val	1.1070598363876343	0.396
8	test	1.1079479455947876	0.375
9	train	1.091848611831665	0.48333333333333334
9	val	1.107061743736267	0.412
9	test	1.1079826354980469	0.386
10	train	1.0910273790359497	0.4666666666666667
10	val	1.1073646545410156	0.376
10	test	1.108483076095581	0.362
11	train	1.089935064315796	0.4666666666666667
11	val	1.1067405939102173	0.346
11	test	1.108107566833496	0.329
12	train	1.0897959470748901	0.4666666666666667
12	val	1.1061913967132568	0.412
12	test	1.1074072122573853	0.389
13	train	1.0885889530181885	0.45
13	val	1.1047621965408325	0.372
13	test	1.1061720848083496	0.358
14	train	1.0876058340072632	0.4666666666666667
14	val	1.1042721271514893	0.36
14	test	1.1058597564697266	0.333
15	train	1.0869791507720947	0.43333333333333335
15	val	1.1055989265441895	0.328
15	test	1.1073951721191406	0.287
16	train	1.086418628692627	0.4666666666666667
16	val	1.1049659252166748	0.362
16	test	1.106691598892212	0.34
17	train	1.085263967514038	0.45
17	val	1.1046171188354492	0.33
17	test	1.1065784692764282	0.287
18	train	1.0844110250473022	0.4666666666666667
18	val	1.1028245687484741	0.348
18	test	1.1047279834747314	0.329
19	train	1.083501935005188	0.48333333333333334
19	val	1.1022841930389404	0.352
19	test	1.104258418083191	0.326
20	train	1.082802414894104	0.45
20	val	1.1036490201950073	0.32
20	test	1.1058510541915894	0.284
21	train	1.0823171138763428	0.43333333333333335
21	val	1.1049200296401978	0.306
21	test	1.1072465181350708	0.269
22	train	1.0817164182662964	0.48333333333333334
22	val	1.1045122146606445	0.352
22	test	1.1067218780517578	0.335
23	train	1.0804543495178223	0.5
23	val	1.1018152236938477	0.394
23	test	1.1039741039276123	0.38
24	train	1.0794750452041626	0.4166666666666667
24	val	1.1036217212677002	0.29
24	test	1.1062431335449219	0.249
25	train	1.0783122777938843	0.43333333333333335
25	val	1.1017259359359741	0.322
25	test	1.104270339012146	0.276
26	train	1.0773652791976929	0.5166666666666667
26	val	1.098722219467163	0.44
26	test	1.100927710533142	0.414
27	train	1.076712727546692	0.6166666666666667
27	val	1.097224473953247	0.478
27	test	1.099271535873413	0.465
28	train	1.0757182836532593	0.6
28	val	1.09683096408844	0.476
28	test	1.0989980697631836	0.451
29	train	1.0742191076278687	0.5166666666666667
29	val	1.094599962234497	0.448
29	test	1.0969229936599731	0.428
30	train	1.0733956098556519	0.55
30	val	1.094278335571289	0.462
30	test	1.096571683883667	0.443
31	train	1.0724098682403564	0.6
31	val	1.0925843715667725	0.49
31	test	1.0948001146316528	0.475
32	train	1.0713716745376587	0.5833333333333334
32	val	1.0924607515335083	0.488
32	test	1.0948089361190796	0.466
33	train	1.0704747438430786	0.5333333333333333
33	val	1.0936859846115112	0.444
33	test	1.0962870121002197	0.425
34	train	1.0701377391815186	0.6166666666666667
34	val	1.0933494567871094	0.494
34	test	1.0957109928131104	0.486
35	train	1.0686959028244019	0.6333333333333333
35	val	1.091111183166504	0.5
35	test	1.093560814857483	0.489
36	train	1.0677495002746582	0.6166666666666667
36	val	1.091193675994873	0.496
36	test	1.0937749147415161	0.486
37	train	1.0665996074676514	0.5833333333333334
37	val	1.0919533967971802	0.478
37	test	1.0947784185409546	0.455
38	train	1.0658924579620361	0.5833333333333334
38	val	1.0912706851959229	0.496
38	test	1.0940302610397339	0.488
39	train	1.0649689435958862	0.5833333333333334
39	val	1.09173583984375	0.484
39	test	1.0946846008300781	0.47
40	train	1.0636085271835327	0.6
40	val	1.0908035039901733	0.484
40	test	1.0938829183578491	0.463
41	train	1.062989592552185	0.5833333333333334
41	val	1.0906304121017456	0.5
41	test	1.0936638116836548	0.494
42	train	1.0612989664077759	0.6166666666666667
42	val	1.088585376739502	0.524
42	test	1.0917479991912842	0.498
43	train	1.0594412088394165	0.6333333333333333
43	val	1.086661458015442	0.534
43	test	1.0900812149047852	0.499
44	train	1.0582729578018188	0.6833333333333333
44	val	1.085608720779419	0.556
44	test	1.0890077352523804	0.526
45	train	1.0575721263885498	0.65
45	val	1.0852164030075073	0.558
45	test	1.0884606838226318	0.536
46	train	1.0562608242034912	0.6666666666666666
46	val	1.0837254524230957	0.582
46	test	1.0869626998901367	0.559
47	train	1.0546025037765503	0.7166666666666667
47	val	1.08148992061615	0.616
47	test	1.0848252773284912	0.588
48	train	1.0534939765930176	0.7333333333333333
48	val	1.080179214477539	0.638
48	test	1.0833820104599	0.607
49	train	1.0523436069488525	0.7833333333333333
49	val	1.0772430896759033	0.672
49	test	1.0802024602890015	0.625
50	train	1.0508694648742676	0.7166666666666667
50	val	1.0782235860824585	0.642
50	test	1.0815465450286865	0.613
51	train	1.0496017932891846	0.7166666666666667
51	val	1.077635645866394	0.642
51	test	1.0810308456420898	0.612
52	train	1.0483773946762085	0.7666666666666667
52	val	1.0752606391906738	0.676
52	test	1.0784451961517334	0.634
53	train	1.0474318265914917	0.7333333333333333
53	val	1.0768851041793823	0.648
53	test	1.0802812576293945	0.61
54	train	1.0458297729492188	0.75
54	val	1.075331211090088	0.656
54	test	1.0788346529006958	0.622
55	train	1.0444889068603516	0.7333333333333333
55	val	1.07550048828125	0.646
55	test	1.0792057514190674	0.612
56	train	1.0429437160491943	0.75
56	val	1.0756816864013672	0.63
56	test	1.0797390937805176	0.61
57	train	1.0413942337036133	0.7666666666666667
57	val	1.072643518447876	0.666
57	test	1.0764968395233154	0.632
58	train	1.0404223203659058	0.7666666666666667
58	val	1.0706548690795898	0.676
58	test	1.0741169452667236	0.643
59	train	1.039042592048645	0.7666666666666667
59	val	1.0686283111572266	0.688
59	test	1.0720714330673218	0.639
60	train	1.037742018699646	0.8
60	val	1.0688351392745972	0.686
60	test	1.0725325345993042	0.644
61	train	1.0358949899673462	0.75
61	val	1.069982886314392	0.654
61	test	1.074212670326233	0.636
62	train	1.0343438386917114	0.7666666666666667
62	val	1.0677106380462646	0.678
62	test	1.0717530250549316	0.646
63	train	1.032915472984314	0.7666666666666667
63	val	1.067811369895935	0.666
63	test	1.0720598697662354	0.645
64	train	1.0314269065856934	0.8
64	val	1.065173864364624	0.688
64	test	1.069239616394043	0.65
65	train	1.0295460224151611	0.8
65	val	1.0618000030517578	0.686
65	test	1.0657789707183838	0.655
66	train	1.0289596319198608	0.8
66	val	1.0613566637039185	0.696
66	test	1.0650250911712646	0.656
67	train	1.027145266532898	0.8
67	val	1.0589748620986938	0.694
67	test	1.0626376867294312	0.666
68	train	1.0255452394485474	0.8
68	val	1.0581997632980347	0.692
68	test	1.0619874000549316	0.667
69	train	1.024000644683838	0.7833333333333333
69	val	1.0557647943496704	0.702
69	test	1.0595060586929321	0.668
70	train	1.022025465965271	0.8333333333333334
70	val	1.0553460121154785	0.696
70	test	1.0593736171722412	0.667
71	train	1.02078378200531	0.8166666666666667
71	val	1.0550652742385864	0.704
71	test	1.0590324401855469	0.668
72	train	1.0191292762756348	0.8
72	val	1.0565338134765625	0.686
72	test	1.06088387966156	0.66
73	train	1.0174860954284668	0.8166666666666667
73	val	1.0528969764709473	0.708
73	test	1.0569206476211548	0.669
74	train	1.0161426067352295	0.8
74	val	1.0524181127548218	0.7
74	test	1.056412696838379	0.672
75	train	1.0147165060043335	0.8166666666666667
75	val	1.0530273914337158	0.7
75	test	1.0571606159210205	0.667
76	train	1.0128686428070068	0.7833333333333333
76	val	1.0531833171844482	0.694
76	test	1.057741403579712	0.662
77	train	1.011712670326233	0.8166666666666667
77	val	1.0510196685791016	0.704
77	test	1.055249810218811	0.665
78	train	1.0100457668304443	0.8
78	val	1.0466065406799316	0.708
78	test	1.0505056381225586	0.68
79	train	1.0083407163619995	0.8166666666666667
79	val	1.0493289232254028	0.698
79	test	1.053905725479126	0.668
80	train	1.0065487623214722	0.8
80	val	1.0480695962905884	0.696
80	test	1.0528641939163208	0.665
81	train	1.0051088333129883	0.8166666666666667
81	val	1.0457262992858887	0.71
81	test	1.0502842664718628	0.674
82	train	1.0032511949539185	0.8166666666666667
82	val	1.0455729961395264	0.706
82	test	1.0504127740859985	0.669
83	train	1.0013997554779053	0.8166666666666667
83	val	1.041844129562378	0.714
83	test	1.0464532375335693	0.68
84	train	1.0001596212387085	0.8
84	val	1.0385992527008057	0.714
84	test	1.0428178310394287	0.682
85	train	0.998682975769043	0.8
85	val	1.0392112731933594	0.712
85	test	1.0435935258865356	0.682
86	train	0.9965648055076599	0.8166666666666667
86	val	1.0407193899154663	0.71
86	test	1.0457086563110352	0.671
87	train	0.9946741461753845	0.8166666666666667
87	val	1.039526104927063	0.706
87	test	1.0446099042892456	0.672
88	train	0.9929879307746887	0.8166666666666667
88	val	1.038859486579895	0.706
88	test	1.0440810918807983	0.669
89	train	0.9914504885673523	0.8166666666666667
89	val	1.0356100797653198	0.716
89	test	1.0405802726745605	0.682
90	train	0.9898503422737122	0.8166666666666667
90	val	1.0375185012817383	0.708
90	test	1.042877197265625	0.671
91	train	0.987564742565155	0.8333333333333334
91	val	1.0306955575942993	0.714
91	test	1.0355288982391357	0.694
92	train	0.9855527877807617	0.85
92	val	1.0308648347854614	0.712
92	test	1.0359504222869873	0.692
93	train	0.9840296506881714	0.8166666666666667
93	val	1.0314178466796875	0.716
93	test	1.0366607904434204	0.687
94	train	0.9821116328239441	0.8166666666666667
94	val	1.026817798614502	0.716
94	test	1.0317271947860718	0.696
95	train	0.9806600213050842	0.8333333333333334
95	val	1.0266101360321045	0.722
95	test	1.0314781665802002	0.696
96	train	0.9784287810325623	0.8333333333333334
96	val	1.0232431888580322	0.712
96	test	1.0280095338821411	0.702
97	train	0.9763140082359314	0.85
97	val	1.0244051218032837	0.714
97	test	1.0296084880828857	0.696
98	train	0.9746950268745422	0.8333333333333334
98	val	1.024803638458252	0.72
98	test	1.030151128768921	0.695
99	train	0.9723937511444092	0.85
99	val	1.023988962173462	0.714
99	test	1.0295568704605103	0.693
100	train	0.9704333543777466	0.85
100	val	1.0225132703781128	0.714
100	test	1.0280818939208984	0.698
101	train	0.9698343873023987	0.8166666666666667
101	val	1.0226140022277832	0.726
101	test	1.0278370380401611	0.694
102	train	0.9672071933746338	0.85
102	val	1.0194621086120605	0.724
102	test	1.0248439311981201	0.698
103	train	0.9649248719215393	0.85
103	val	1.0185980796813965	0.716
103	test	1.0242632627487183	0.698
104	train	0.9635982513427734	0.85
104	val	1.0171153545379639	0.722
104	test	1.0225404500961304	0.699
105	train	0.9621496796607971	0.8333333333333334
105	val	1.0154119729995728	0.734
105	test	1.0205696821212769	0.704
106	train	0.9594345092773438	0.85
106	val	1.012341022491455	0.724
106	test	1.017694115638733	0.705
107	train	0.9582698941230774	0.8333333333333334
107	val	1.0105429887771606	0.728
107	test	1.0156389474868774	0.705
108	train	0.9553479552268982	0.85
108	val	1.0112162828445435	0.722
108	test	1.017091155052185	0.704
109	train	0.9537976384162903	0.85
109	val	1.0099695920944214	0.724
109	test	1.0157115459442139	0.704
110	train	0.9519632458686829	0.85
110	val	1.0092787742614746	0.728
110	test	1.015165090560913	0.704
111	train	0.9492959380149841	0.85
111	val	1.0051262378692627	0.732
111	test	1.0109530687332153	0.708
112	train	0.9476464986801147	0.85
112	val	1.0034555196762085	0.724
112	test	1.0090863704681396	0.714
113	train	0.9457753300666809	0.85
113	val	1.0057932138442993	0.722
113	test	1.0119585990905762	0.708
114	train	0.9437385201454163	0.85
114	val	1.003859281539917	0.724
114	test	1.0100572109222412	0.712
115	train	0.9431160092353821	0.85
115	val	1.0038743019104004	0.734
115	test	1.009779930114746	0.699
116	train	0.9403946995735168	0.85
116	val	1.0013933181762695	0.722
116	test	1.0074199438095093	0.708
117	train	0.9381217956542969	0.85
117	val	0.9982169270515442	0.722
117	test	1.0041824579238892	0.71
118	train	0.9362754225730896	0.85
118	val	0.9991891980171204	0.724
118	test	1.005472183227539	0.706
119	train	0.9347736835479736	0.85
119	val	0.9979522228240967	0.742
119	test	1.0039572715759277	0.706
120	train	0.9323835968971252	0.85
120	val	0.998842716217041	0.718
120	test	1.0054751634597778	0.705
121	train	0.929601788520813	0.85
121	val	0.9934710264205933	0.732
121	test	0.999882161617279	0.721
122	train	0.9280791878700256	0.85
122	val	0.9942087531089783	0.718
122	test	1.0006197690963745	0.71
123	train	0.9260842800140381	0.85
123	val	0.9933348298072815	0.722
123	test	0.999876856803894	0.71
124	train	0.9241558313369751	0.85
124	val	0.9924241304397583	0.722
124	test	0.9990968108177185	0.71
125	train	0.9212875962257385	0.8666666666666667
125	val	0.988706648349762	0.74
125	test	0.9954496622085571	0.718
126	train	0.9204707741737366	0.85
126	val	0.9900904297828674	0.728
126	test	0.9967250227928162	0.708
127	train	0.919583261013031	0.8333333333333334
127	val	0.9869934320449829	0.734
127	test	0.9930130839347839	0.714
128	train	0.9172031879425049	0.85
128	val	0.9861746430397034	0.734
128	test	0.9924719929695129	0.709
129	train	0.9141761064529419	0.85
129	val	0.9841275215148926	0.732
129	test	0.9906864166259766	0.717
130	train	0.912056028842926	0.85
130	val	0.9821221232414246	0.73
130	test	0.9887053966522217	0.716
131	train	0.9106151461601257	0.8333333333333334
131	val	0.9801603555679321	0.744
131	test	0.9864301681518555	0.716
132	train	0.9080969095230103	0.85
132	val	0.9789411425590515	0.734
132	test	0.9855132699012756	0.717
133	train	0.9062682390213013	0.85
133	val	0.9796052575111389	0.73
133	test	0.9865220785140991	0.713
134	train	0.9046542048454285	0.8333333333333334
134	val	0.9746898412704468	0.746
134	test	0.9809802174568176	0.723
135	train	0.9014931321144104	0.8666666666666667
135	val	0.974675178527832	0.732
135	test	0.9816117286682129	0.724
136	train	0.9004694819450378	0.85
136	val	0.974638819694519	0.74
136	test	0.9813995957374573	0.722
137	train	0.898123025894165	0.8666666666666667
137	val	0.9731408953666687	0.734
137	test	0.9800587296485901	0.718
138	train	0.8956566452980042	0.85
138	val	0.9748700857162476	0.736
138	test	0.982559323310852	0.721
139	train	0.8939425945281982	0.8666666666666667
139	val	0.9713160991668701	0.736
139	test	0.9783973097801208	0.718
140	train	0.8920456767082214	0.8666666666666667
140	val	0.9689161777496338	0.736
140	test	0.9759311676025391	0.722
141	train	0.8904117941856384	0.85
141	val	0.9684759378433228	0.744
141	test	0.9754270315170288	0.722
142	train	0.8878764510154724	0.8666666666666667
142	val	0.9661768674850464	0.74
142	test	0.9732154011726379	0.725
143	train	0.8855294585227966	0.8666666666666667
143	val	0.9612133502960205	0.736
143	test	0.967918872833252	0.73
144	train	0.8844534754753113	0.8666666666666667
144	val	0.9630504250526428	0.748
144	test	0.9698919653892517	0.728
145	train	0.882658064365387	0.8666666666666667
145	val	0.9645900130271912	0.746
145	test	0.97188401222229	0.723
146	train	0.878940224647522	0.8833333333333333
146	val	0.9606783986091614	0.738
146	test	0.9682674407958984	0.728
147	train	0.8782409429550171	0.8666666666666667
147	val	0.9592181444168091	0.746
147	test	0.9663312435150146	0.725
148	train	0.8747299909591675	0.8833333333333333
148	val	0.9555613994598389	0.742
148	test	0.9629985690116882	0.732
149	train	0.8728091716766357	0.8833333333333333
149	val	0.9551666975021362	0.742
149	test	0.9627661108970642	0.728
150	train	0.8710857033729553	0.8666666666666667
150	val	0.9525021314620972	0.74
150	test	0.9597866535186768	0.737
151	train	0.8687378168106079	0.8833333333333333
151	val	0.9535162448883057	0.748
151	test	0.9614458680152893	0.727
152	train	0.8668979406356812	0.8833333333333333
152	val	0.950323224067688	0.746
152	test	0.9579238891601562	0.734
153	train	0.865475058555603	0.8666666666666667
153	val	0.9501343369483948	0.74
153	test	0.9577599167823792	0.732
154	train	0.8628405332565308	0.8833333333333333
154	val	0.9487255811691284	0.742
154	test	0.9566377997398376	0.729
155	train	0.8604606986045837	0.8833333333333333
155	val	0.9450244307518005	0.746
155	test	0.9527222514152527	0.732
156	train	0.858966588973999	0.8666666666666667
156	val	0.9460359215736389	0.738
156	test	0.9538465738296509	0.737
157	train	0.8569499850273132	0.85
157	val	0.9480679035186768	0.74
157	test	0.9565610289573669	0.729
158	train	0.8560448288917542	0.8666666666666667
158	val	0.9449788928031921	0.748
158	test	0.9526676535606384	0.734
159	train	0.8539966940879822	0.8666666666666667
159	val	0.9445491433143616	0.748
159	test	0.9523544907569885	0.731
160	train	0.8503806591033936	0.8833333333333333
160	val	0.9404375553131104	0.748
160	test	0.9485957026481628	0.738
161	train	0.8482046127319336	0.8833333333333333
161	val	0.9373725652694702	0.75
161	test	0.9452564120292664	0.741
162	train	0.8468018770217896	0.8666666666666667
162	val	0.9366071224212646	0.744
162	test	0.9444338083267212	0.74
163	train	0.8456901907920837	0.8666666666666667
163	val	0.9394001960754395	0.744
163	test	0.9476515650749207	0.731
164	train	0.8441136479377747	0.8666666666666667
164	val	0.9318505525588989	0.752
164	test	0.9389287233352661	0.74
165	train	0.8404398560523987	0.85
165	val	0.9286059141159058	0.742
165	test	0.9360360503196716	0.748
166	train	0.8379544019699097	0.8833333333333333
166	val	0.9289355874061584	0.76
166	test	0.937007486820221	0.738
167	train	0.8368847370147705	0.8666666666666667
167	val	0.9290978908538818	0.744
167	test	0.937045693397522	0.745
168	train	0.8344289660453796	0.8666666666666667
168	val	0.9220879673957825	0.754
168	test	0.9294426441192627	0.751
169	train	0.8331044912338257	0.85
169	val	0.9234116077423096	0.742
169	test	0.930925726890564	0.745
170	train	0.8303924202919006	0.8833333333333333
170	val	0.924349308013916	0.754
170	test	0.9325479865074158	0.743
171	train	0.8293942809104919	0.8666666666666667
171	val	0.9250515699386597	0.738
171	test	0.9334005117416382	0.743
172	train	0.8261638879776001	0.8833333333333333
172	val	0.9220564365386963	0.766
172	test	0.9307798743247986	0.741
173	train	0.8243861794471741	0.8833333333333333
173	val	0.9180430769920349	0.762
173	test	0.9261959195137024	0.746
174	train	0.8238173723220825	0.8833333333333333
174	val	0.9223291873931885	0.748
174	test	0.9310078620910645	0.747
175	train	0.8230637311935425	0.8833333333333333
175	val	0.9196999669075012	0.754
175	test	0.9275774359703064	0.735
176	train	0.8189629316329956	0.8833333333333333
176	val	0.9160251617431641	0.756
176	test	0.9243562817573547	0.747
177	train	0.819865345954895	0.8833333333333333
177	val	0.9208084940910339	0.756
177	test	0.9292310476303101	0.735
178	train	0.817283034324646	0.8833333333333333
178	val	0.9192372560501099	0.752
178	test	0.9280024170875549	0.74
179	train	0.8140652179718018	0.8833333333333333
179	val	0.9147067666053772	0.748
179	test	0.9234086275100708	0.748
180	train	0.8119152784347534	0.8833333333333333
180	val	0.913898766040802	0.756
180	test	0.9229292273521423	0.743
181	train	0.810570478439331	0.8833333333333333
181	val	0.9131507277488708	0.752
181	test	0.9221817255020142	0.747
182	train	0.812366783618927	0.8666666666666667
182	val	0.911836564540863	0.748
182	test	0.919675886631012	0.73
183	train	0.8086148500442505	0.8833333333333333
183	val	0.9088215231895447	0.754
183	test	0.9170283675193787	0.738
184	train	0.8054970502853394	0.8666666666666667
184	val	0.9075659513473511	0.746
184	test	0.9162079691886902	0.746
185	train	0.804627537727356	0.8833333333333333
185	val	0.9095624685287476	0.752
185	test	0.9184273481369019	0.743
186	train	0.8018471002578735	0.8833333333333333
186	val	0.9038691520690918	0.756
186	test	0.9122930765151978	0.747
187	train	0.7987348437309265	0.8833333333333333
187	val	0.9043965339660645	0.76
187	test	0.9137607216835022	0.747
188	train	0.7962914109230042	0.8833333333333333
188	val	0.9006345868110657	0.766
188	test	0.9097508192062378	0.748
189	train	0.7957146167755127	0.8833333333333333
189	val	0.901791512966156	0.752
189	test	0.9109360575675964	0.75
190	train	0.7923864722251892	0.8833333333333333
190	val	0.8969351649284363	0.768
190	test	0.9059569239616394	0.752
191	train	0.7912900447845459	0.8833333333333333
191	val	0.8969706892967224	0.76
191	test	0.9058683514595032	0.754
192	train	0.7912721633911133	0.8833333333333333
192	val	0.8992003202438354	0.754
192	test	0.908074140548706	0.749
193	train	0.7892060875892639	0.8833333333333333
193	val	0.8985719084739685	0.756
193	test	0.9077271223068237	0.747
194	train	0.7864841818809509	0.8833333333333333
194	val	0.8933382630348206	0.762
194	test	0.9021999835968018	0.749
195	train	0.784002423286438	0.8833333333333333
195	val	0.8895313143730164	0.762
195	test	0.8981139659881592	0.753
196	train	0.7824690341949463	0.8833333333333333
196	val	0.8914819955825806	0.758
196	test	0.9006543159484863	0.75
197	train	0.781238853931427	0.8833333333333333
197	val	0.8898200392723083	0.76
197	test	0.898690938949585	0.748
198	train	0.7801446914672852	0.8833333333333333
198	val	0.8898688554763794	0.758
198	test	0.8987647891044617	0.752
199	train	0.7759771943092346	0.8833333333333333
199	val	0.8866220712661743	0.762
199	test	0.8961516618728638	0.753
200	train	0.7747650146484375	0.9
200	val	0.8873289823532104	0.764
200	test	0.8970317840576172	0.753
201	train	0.7750142216682434	0.8833333333333333
201	val	0.8879931569099426	0.76
201	test	0.8973044753074646	0.75
202	train	0.7715375423431396	0.8666666666666667
202	val	0.8807033896446228	0.764
202	test	0.8894336223602295	0.753
203	train	0.7693881392478943	0.8833333333333333
203	val	0.8792529106140137	0.764
203	test	0.8881852626800537	0.755
204	train	0.7677465677261353	0.8666666666666667
204	val	0.8744521141052246	0.764
204	test	0.8828916549682617	0.759
205	train	0.7667795419692993	0.8833333333333333
205	val	0.8784162402153015	0.762
205	test	0.8874791264533997	0.753
206	train	0.7651155591011047	0.8833333333333333
206	val	0.8782033920288086	0.764
206	test	0.887337863445282	0.752
207	train	0.7632783651351929	0.8833333333333333
207	val	0.8788291811943054	0.76
207	test	0.8884276747703552	0.754
208	train	0.761430561542511	0.8833333333333333
208	val	0.8771427869796753	0.76
208	test	0.8868651390075684	0.752
209	train	0.7584980726242065	0.9
209	val	0.8749763369560242	0.766
209	test	0.8850246071815491	0.755
210	train	0.7557193040847778	0.9
210	val	0.8684635162353516	0.768
210	test	0.877792477607727	0.762
211	train	0.7555156946182251	0.8666666666666667
211	val	0.8681734800338745	0.764
211	test	0.8772240281105042	0.755
212	train	0.752389669418335	0.9
212	val	0.8642889857292175	0.766
212	test	0.8735173940658569	0.76
213	train	0.7498557567596436	0.8833333333333333
213	val	0.8643152117729187	0.772
213	test	0.8739972710609436	0.758
214	train	0.749943733215332	0.9
214	val	0.8684594631195068	0.766
214	test	0.8785485029220581	0.756
215	train	0.7465034127235413	0.9
215	val	0.8624835014343262	0.768
215	test	0.872153103351593	0.762
216	train	0.7474520802497864	0.9
216	val	0.8686861991882324	0.76
216	test	0.8791427612304688	0.756
217	train	0.7452951073646545	0.8833333333333333
217	val	0.8617795705795288	0.766
217	test	0.8711928725242615	0.755
218	train	0.7431433200836182	0.8833333333333333
218	val	0.8597585558891296	0.768
218	test	0.869215726852417	0.757
219	train	0.7408076524734497	0.9
219	val	0.8579341173171997	0.768
219	test	0.8676471710205078	0.761
220	train	0.738568902015686	0.9
220	val	0.8584923148155212	0.774
220	test	0.8689322471618652	0.756
221	train	0.7353265881538391	0.8833333333333333
221	val	0.8537977933883667	0.776
221	test	0.8639835119247437	0.758
222	train	0.7345255613327026	0.9
222	val	0.8538784384727478	0.77
222	test	0.8638269901275635	0.763
223	train	0.732879102230072	0.9
223	val	0.8551254868507385	0.774
223	test	0.8655444979667664	0.757
224	train	0.7320569753646851	0.8833333333333333
224	val	0.8568304181098938	0.77
224	test	0.8677186369895935	0.754
225	train	0.7318206429481506	0.8666666666666667
225	val	0.8589266538619995	0.764
225	test	0.8700125217437744	0.756
226	train	0.727653443813324	0.9
226	val	0.847245454788208	0.766
226	test	0.8568539619445801	0.764
227	train	0.7243619561195374	0.9
227	val	0.8458712100982666	0.778
227	test	0.8562524318695068	0.76
228	train	0.7242110967636108	0.9
228	val	0.8452644944190979	0.768
228	test	0.8551011681556702	0.764
229	train	0.7247574329376221	0.8666666666666667
229	val	0.8439647555351257	0.768
229	test	0.8530672192573547	0.754
230	train	0.720356822013855	0.8833333333333333
230	val	0.8380078673362732	0.77
230	test	0.8473808169364929	0.765
231	train	0.7193804979324341	0.9
231	val	0.8434582352638245	0.77
231	test	0.8537691235542297	0.761
232	train	0.7191682457923889	0.8833333333333333
232	val	0.8427112698554993	0.774
232	test	0.8525032997131348	0.756
233	train	0.7174190282821655	0.8666666666666667
233	val	0.8410580158233643	0.774
233	test	0.8507692813873291	0.757
234	train	0.7143141031265259	0.9
234	val	0.8389182090759277	0.772
234	test	0.8490762710571289	0.764
235	train	0.712605893611908	0.9
235	val	0.8390617966651917	0.772
235	test	0.8495557904243469	0.763
236	train	0.7132948637008667	0.9
236	val	0.8416653275489807	0.772
236	test	0.8521996140480042	0.755
237	train	0.7121198773384094	0.9
237	val	0.8414997458457947	0.772
237	test	0.8521797060966492	0.755
238	train	0.7097658514976501	0.8666666666666667
238	val	0.8347145915031433	0.774
238	test	0.8442402482032776	0.756
239	train	0.707443118095398	0.8833333333333333
239	val	0.8389909267425537	0.776
239	test	0.850253701210022	0.764
240	train	0.7070814967155457	0.8833333333333333
240	val	0.8355873227119446	0.772
240	test	0.8456979393959045	0.757
241	train	0.7029538750648499	0.8833333333333333
241	val	0.8263910412788391	0.774
241	test	0.8358475565910339	0.759
242	train	0.7002958059310913	0.8833333333333333
242	val	0.8244971632957458	0.774
242	test	0.8342753052711487	0.765
243	train	0.7002606987953186	0.9
243	val	0.8282707333564758	0.776
243	test	0.8384445309638977	0.759
244	train	0.6978073716163635	0.9
244	val	0.8254510760307312	0.77
244	test	0.8355837464332581	0.764
245	train	0.6978868842124939	0.8833333333333333
245	val	0.8270260691642761	0.774
245	test	0.837066650390625	0.758
246	train	0.6968036890029907	0.8666666666666667
246	val	0.8259815573692322	0.774
246	test	0.8359575867652893	0.76
247	train	0.6952115893363953	0.8666666666666667
247	val	0.8233749866485596	0.772
247	test	0.8329076766967773	0.755
248	train	0.693481981754303	0.8666666666666667
248	val	0.822445273399353	0.776
248	test	0.8321189284324646	0.757
249	train	0.6900569796562195	0.9
249	val	0.8196835517883301	0.774
249	test	0.8296216726303101	0.76
250	train	0.6905688643455505	0.9
250	val	0.8248673677444458	0.772
250	test	0.8355616331100464	0.758
251	train	0.6880464553833008	0.9
251	val	0.8222295045852661	0.774
251	test	0.8328220844268799	0.76
252	train	0.6858993172645569	0.9
252	val	0.8186789751052856	0.776
252	test	0.8291157484054565	0.765
253	train	0.6865701079368591	0.8833333333333333
253	val	0.8196843862533569	0.774
253	test	0.8297167420387268	0.756
254	train	0.6860474944114685	0.8666666666666667
254	val	0.8186038732528687	0.772
254	test	0.8285082578659058	0.755
255	train	0.6823365688323975	0.9
255	val	0.817219078540802	0.772
255	test	0.8279610872268677	0.765
256	train	0.6827051043510437	0.8833333333333333
256	val	0.8208443522453308	0.768
256	test	0.8318938612937927	0.76
257	train	0.6822137832641602	0.8833333333333333
257	val	0.8203684687614441	0.77
257	test	0.8310582041740417	0.755
258	train	0.6782475113868713	0.8666666666666667
258	val	0.8077330589294434	0.774
258	test	0.8169009685516357	0.756
259	train	0.6805903911590576	0.8666666666666667
259	val	0.8110467195510864	0.766
259	test	0.8200094699859619	0.74
260	train	0.6771040558815002	0.8666666666666667
260	val	0.8085254430770874	0.77
260	test	0.8177703022956848	0.744
261	train	0.6746265888214111	0.8666666666666667
261	val	0.8059905171394348	0.772
261	test	0.8151510953903198	0.748
262	train	0.668615996837616	0.8833333333333333
262	val	0.8023957014083862	0.782
262	test	0.8125826120376587	0.771
263	train	0.6658012270927429	0.8833333333333333
263	val	0.7976873517036438	0.788
263	test	0.8076870441436768	0.772
264	train	0.6713797450065613	0.8833333333333333
264	val	0.810210108757019	0.772
264	test	0.820525586605072	0.753
265	train	0.6704894304275513	0.8666666666666667
265	val	0.8065831661224365	0.766
265	test	0.8161212801933289	0.741
266	train	0.6669991612434387	0.8666666666666667
266	val	0.8041854500770569	0.77
266	test	0.8139611482620239	0.752
267	train	0.6648010015487671	0.8833333333333333
267	val	0.8033514618873596	0.772
267	test	0.8136030435562134	0.76
268	train	0.6639577746391296	0.8833333333333333
268	val	0.8044273853302002	0.774
268	test	0.8148930072784424	0.76
269	train	0.6595758199691772	0.9
269	val	0.7984334230422974	0.78
269	test	0.8090566992759705	0.77
270	train	0.6588934659957886	0.9
270	val	0.7989374399185181	0.778
270	test	0.8095501661300659	0.766
271	train	0.6586414575576782	0.8666666666666667
271	val	0.7988065481185913	0.774
271	test	0.8090108036994934	0.76
272	train	0.6559932827949524	0.9
272	val	0.7994212508201599	0.776
272	test	0.8106867671012878	0.771
273	train	0.6520881056785583	0.9
273	val	0.7912923097610474	0.782
273	test	0.8018808364868164	0.769
274	train	0.6501667499542236	0.9
274	val	0.7925378680229187	0.79
274	test	0.8038599491119385	0.769
275	train	0.6522312760353088	0.8666666666666667
275	val	0.7928294539451599	0.774
275	test	0.8030921220779419	0.762
276	train	0.6503073573112488	0.8833333333333333
276	val	0.7931153178215027	0.776
276	test	0.8038784861564636	0.764
277	train	0.6492071747779846	0.8833333333333333
277	val	0.7920082807540894	0.776
277	test	0.8027183413505554	0.764
278	train	0.649686872959137	0.8666666666666667
278	val	0.791899561882019	0.77
278	test	0.80211341381073	0.756
279	train	0.647026002407074	0.8666666666666667
279	val	0.7902857661247253	0.774
279	test	0.8008716106414795	0.761
280	train	0.6444422602653503	0.8666666666666667
280	val	0.7861384153366089	0.776
280	test	0.7964162230491638	0.763
281	train	0.6430593729019165	0.8833333333333333
281	val	0.7851833701133728	0.782
281	test	0.795622706413269	0.768
282	train	0.6443911790847778	0.8666666666666667
282	val	0.7878407835960388	0.774
282	test	0.7982973456382751	0.76
283	train	0.6381828784942627	0.8833333333333333
283	val	0.7796933650970459	0.782
283	test	0.7903271317481995	0.773
284	train	0.6377173066139221	0.8833333333333333
284	val	0.7805460095405579	0.78
284	test	0.7912523150444031	0.766
285	train	0.6383463144302368	0.8666666666666667
285	val	0.7825566530227661	0.776
285	test	0.7933201789855957	0.766
286	train	0.6375478506088257	0.8666666666666667
286	val	0.7824101448059082	0.774
286	test	0.7930775880813599	0.763
287	train	0.6355279088020325	0.9
287	val	0.7817298769950867	0.78
287	test	0.7928577065467834	0.767
288	train	0.6380459666252136	0.8833333333333333
288	val	0.7872674465179443	0.772
288	test	0.798539400100708	0.756
289	train	0.6351852416992188	0.8833333333333333
289	val	0.7829402089118958	0.77
289	test	0.7940593957901001	0.762
290	train	0.6313413381576538	0.9
290	val	0.7790291905403137	0.778
290	test	0.7905071973800659	0.772
291	train	0.633270263671875	0.8833333333333333
291	val	0.7853896617889404	0.772
291	test	0.797607958316803	0.764
292	train	0.6341503262519836	0.8833333333333333
292	val	0.7848424315452576	0.77
292	test	0.7960556745529175	0.751
293	train	0.6333974003791809	0.8833333333333333
293	val	0.7843385338783264	0.768
293	test	0.7955420017242432	0.75
294	train	0.6287611126899719	0.8833333333333333
294	val	0.7778927683830261	0.772
294	test	0.7891464829444885	0.765
295	train	0.6299570202827454	0.8833333333333333
295	val	0.783455491065979	0.776
295	test	0.7955756187438965	0.764
296	train	0.621651828289032	0.8833333333333333
296	val	0.7634525895118713	0.778
296	test	0.773806631565094	0.772
297	train	0.6221967339515686	0.9
297	val	0.7706306576728821	0.782
297	test	0.7819929718971252	0.771
298	train	0.6201329827308655	0.9
298	val	0.7681080102920532	0.782
298	test	0.7793996334075928	0.771
299	train	0.6178909540176392	0.9
299	val	0.7664706707000732	0.782
299	test	0.777800440788269	0.773
300	train	0.615768313407898	0.8833333333333333
300	val	0.7629029750823975	0.782
300	test	0.7738726735115051	0.772
301	train	0.6210310459136963	0.8666666666666667
301	val	0.7639980316162109	0.774
301	test	0.7735907435417175	0.753
302	train	0.6157782673835754	0.8666666666666667
302	val	0.7640383243560791	0.78
302	test	0.774750828742981	0.768
303	train	0.6128976345062256	0.9
303	val	0.7635249495506287	0.78
303	test	0.7749184966087341	0.772
304	train	0.6159403920173645	0.8833333333333333
304	val	0.7710334658622742	0.776
304	test	0.7828332185745239	0.766
305	train	0.6122901439666748	0.8666666666666667
305	val	0.7598515748977661	0.78
305	test	0.770294725894928	0.764
306	train	0.6109567284584045	0.9
306	val	0.7630031108856201	0.78
306	test	0.774395763874054	0.767
307	train	0.6065081357955933	0.8833333333333333
307	val	0.755812406539917	0.786
307	test	0.7668737769126892	0.773
308	train	0.6054113507270813	0.9
308	val	0.7553869485855103	0.788
308	test	0.7666868567466736	0.772
309	train	0.609592616558075	0.9
309	val	0.7655970454216003	0.776
309	test	0.7776049971580505	0.768
310	train	0.6055445075035095	0.9
310	val	0.7578482627868652	0.78
310	test	0.7691889405250549	0.766
311	train	0.6050671935081482	0.8833333333333333
311	val	0.7574907541275024	0.78
311	test	0.768733024597168	0.768
312	train	0.6021366119384766	0.8833333333333333
312	val	0.7533794045448303	0.786
312	test	0.7644336223602295	0.768
313	train	0.6009883880615234	0.9
313	val	0.7555745840072632	0.78
313	test	0.7671972513198853	0.769
314	train	0.5963319540023804	0.9166666666666666
314	val	0.7498579025268555	0.798
314	test	0.7622078061103821	0.776
315	train	0.5983997583389282	0.9
315	val	0.7524009346961975	0.782
315	test	0.7639970779418945	0.77
316	train	0.5983273386955261	0.8833333333333333
316	val	0.750789225101471	0.784
316	test	0.7618559002876282	0.768
317	train	0.5950196385383606	0.9
317	val	0.7491771578788757	0.794
317	test	0.7609565258026123	0.772
318	train	0.5970033407211304	0.8666666666666667
318	val	0.7499545216560364	0.778
318	test	0.7608124017715454	0.764
319	train	0.5917304158210754	0.8833333333333333
319	val	0.7451899647712708	0.788
319	test	0.7565228939056396	0.772
320	train	0.5923688411712646	0.8833333333333333
320	val	0.7419822216033936	0.78
320	test	0.7523062229156494	0.766
321	train	0.5899085998535156	0.8833333333333333
321	val	0.741724967956543	0.782
321	test	0.7525100111961365	0.772
322	train	0.5901022553443909	0.8833333333333333
322	val	0.7452365159988403	0.78
322	test	0.7563502788543701	0.768
323	train	0.5967493653297424	0.8666666666666667
323	val	0.7541719675064087	0.774
323	test	0.7648853659629822	0.751
324	train	0.5888503789901733	0.9
324	val	0.7460243701934814	0.78
324	test	0.7573990225791931	0.765
325	train	0.5864986181259155	0.9
325	val	0.7453171014785767	0.792
325	test	0.7574670314788818	0.773
326	train	0.5837908983230591	0.9166666666666666
326	val	0.7409835457801819	0.792
326	test	0.7528136968612671	0.774
327	train	0.5847595930099487	0.8666666666666667
327	val	0.7375293374061584	0.782
327	test	0.7480162978172302	0.768
328	train	0.5811354517936707	0.9
328	val	0.7380853891372681	0.79
328	test	0.749617338180542	0.772
329	train	0.5849907398223877	0.8833333333333333
329	val	0.7489951252937317	0.784
329	test	0.7618683576583862	0.768
330	train	0.5901347994804382	0.8833333333333333
330	val	0.7557728886604309	0.77
330	test	0.7679795026779175	0.757
331	train	0.5824885964393616	0.8833333333333333
331	val	0.7435372471809387	0.776
331	test	0.755204975605011	0.766
332	train	0.5785017609596252	0.9
332	val	0.7408348321914673	0.784
332	test	0.7532586455345154	0.775
333	train	0.5796714425086975	0.9
333	val	0.7424175143241882	0.778
333	test	0.7545006275177002	0.764
334	train	0.5752860903739929	0.9
334	val	0.7342858910560608	0.786
334	test	0.7459732890129089	0.769
335	train	0.5731987357139587	0.8833333333333333
335	val	0.7307223081588745	0.79
335	test	0.742175281047821	0.773
336	train	0.575714111328125	0.8666666666666667
336	val	0.7303194403648376	0.78
336	test	0.7406941056251526	0.762
337	train	0.5711881518363953	0.9166666666666666
337	val	0.7328798174858093	0.798
337	test	0.745282769203186	0.776
338	train	0.5711261034011841	0.9
338	val	0.7317070364952087	0.786
338	test	0.7432361841201782	0.769
339	train	0.5715408325195312	0.8666666666666667
339	val	0.7306288480758667	0.78
339	test	0.741462767124176	0.764
340	train	0.5706344246864319	0.8666666666666667
340	val	0.7311570048332214	0.78
340	test	0.7422402501106262	0.763
341	train	0.5644691586494446	0.9
341	val	0.7234113216400146	0.798
341	test	0.7348983287811279	0.775
342	train	0.5627862811088562	0.8833333333333333
342	val	0.7185161113739014	0.794
342	test	0.7293596863746643	0.776
343	train	0.5705785751342773	0.8833333333333333
343	val	0.735726535320282	0.776
343	test	0.7476116418838501	0.762
344	train	0.5664669871330261	0.8666666666666667
344	val	0.7272033095359802	0.78
344	test	0.7383884787559509	0.765
345	train	0.5650508403778076	0.8833333333333333
345	val	0.7244487404823303	0.784
345	test	0.7354692816734314	0.765
346	train	0.5613921880722046	0.8833333333333333
346	val	0.7194567322731018	0.786
346	test	0.7303735613822937	0.77
347	train	0.5575777888298035	0.9166666666666666
347	val	0.7179659008979797	0.8
347	test	0.729724109172821	0.775
348	train	0.5632941126823425	0.8666666666666667
348	val	0.7258074283599854	0.778
348	test	0.7371575236320496	0.763
349	train	0.5622043609619141	0.9
349	val	0.7279557585716248	0.782
349	test	0.7402091026306152	0.77
350	train	0.5580174922943115	0.9
350	val	0.7212427854537964	0.788
350	test	0.7332736253738403	0.772
351	train	0.5580011010169983	0.8833333333333333
351	val	0.7190729975700378	0.786
351	test	0.7306050658226013	0.77
352	train	0.56434166431427	0.8666666666666667
352	val	0.7253293395042419	0.772
352	test	0.7361130714416504	0.756
353	train	0.5548607707023621	0.9
353	val	0.7218706011772156	0.796
353	test	0.7350713014602661	0.775
354	train	0.5559457540512085	0.8833333333333333
354	val	0.7196154594421387	0.784
354	test	0.7314403057098389	0.767
355	train	0.5599262714385986	0.8833333333333333
355	val	0.7266465425491333	0.776
355	test	0.7387080788612366	0.759
356	train	0.5534330606460571	0.9
356	val	0.7179521322250366	0.788
356	test	0.7299978733062744	0.77
357	train	0.551527738571167	0.8833333333333333
357	val	0.7133480906486511	0.788
357	test	0.724751889705658	0.768
358	train	0.5530312061309814	0.8666666666666667
358	val	0.7121611833572388	0.782
358	test	0.7229152917861938	0.763
359	train	0.5518249869346619	0.9
359	val	0.7182061672210693	0.78
359	test	0.7303074598312378	0.766
360	train	0.5506647825241089	0.9
360	val	0.7207865118980408	0.784
360	test	0.7339771389961243	0.776
361	train	0.550974428653717	0.9
361	val	0.7195602059364319	0.782
361	test	0.7321886420249939	0.769
362	train	0.5478881001472473	0.9
362	val	0.7142427563667297	0.786
362	test	0.7264792919158936	0.77
363	train	0.5531772375106812	0.8666666666666667
363	val	0.7215127348899841	0.778
363	test	0.7334988117218018	0.76
364	train	0.5526829957962036	0.8666666666666667
364	val	0.7189835906028748	0.78
364	test	0.7305389046669006	0.761
365	train	0.5493968725204468	0.8833333333333333
365	val	0.7171473503112793	0.776
365	test	0.7290991544723511	0.764
366	train	0.5456709265708923	0.8833333333333333
366	val	0.7120904326438904	0.782
366	test	0.7240046858787537	0.764
367	train	0.5400324463844299	0.8833333333333333
367	val	0.7039105296134949	0.794
367	test	0.7157966494560242	0.778
368	train	0.5440632700920105	0.8833333333333333
368	val	0.7088163495063782	0.782
368	test	0.7203847765922546	0.767
369	train	0.5401481986045837	0.8833333333333333
369	val	0.7047356367111206	0.786
369	test	0.7164434194564819	0.771
370	train	0.536892294883728	0.9166666666666666
370	val	0.7040689587593079	0.802
370	test	0.716771125793457	0.775
371	train	0.535884439945221	0.9166666666666666
371	val	0.7019885182380676	0.802
371	test	0.7144659161567688	0.777
372	train	0.5455256700515747	0.8833333333333333
372	val	0.7205489277839661	0.772
372	test	0.733760416507721	0.762
373	train	0.5421472191810608	0.8666666666666667
373	val	0.7115001678466797	0.778
373	test	0.7235729098320007	0.763
374	train	0.5404711961746216	0.8833333333333333
374	val	0.7099607586860657	0.78
374	test	0.7222055196762085	0.765
375	train	0.5318054556846619	0.9166666666666666
375	val	0.6990188360214233	0.8
375	test	0.7115901112556458	0.778
376	train	0.5308870673179626	0.9166666666666666
376	val	0.699383556842804	0.8
376	test	0.712081253528595	0.776
377	train	0.5371242165565491	0.9
377	val	0.7122951149940491	0.778
377	test	0.7258365154266357	0.77
378	train	0.5383517742156982	0.8666666666666667
378	val	0.7069442272186279	0.778
378	test	0.7187744975090027	0.763
379	train	0.5331552624702454	0.8833333333333333
379	val	0.7025168538093567	0.784
379	test	0.7147915363311768	0.765
380	train	0.5301068425178528	0.8833333333333333
380	val	0.699611485004425	0.784
380	test	0.7120229601860046	0.77
381	train	0.5275358557701111	0.9
381	val	0.6983931064605713	0.794
381	test	0.7112997174263	0.776
382	train	0.5260481834411621	0.9166666666666666
382	val	0.6978237628936768	0.796
382	test	0.7109582424163818	0.777
383	train	0.5276513695716858	0.8833333333333333
383	val	0.697999894618988	0.786
383	test	0.710552453994751	0.773
384	train	0.5296825766563416	0.8833333333333333
384	val	0.700178325176239	0.786
384	test	0.7123061418533325	0.766
385	train	0.5237509608268738	0.9166666666666666
385	val	0.6984303593635559	0.798
385	test	0.711966872215271	0.777
386	train	0.5248364210128784	0.9
386	val	0.7005138993263245	0.792
386	test	0.7138586044311523	0.775
387	train	0.5254709124565125	0.8833333333333333
387	val	0.6932839155197144	0.788
387	test	0.704845666885376	0.766
388	train	0.5335557460784912	0.8666666666666667
388	val	0.7074652314186096	0.776
388	test	0.7193764448165894	0.759
389	train	0.5245604515075684	0.9
389	val	0.6988683342933655	0.782
389	test	0.7114342451095581	0.767
390	train	0.5222055912017822	0.9
390	val	0.6966714859008789	0.784
390	test	0.7094085216522217	0.768
391	train	0.5192380547523499	0.8833333333333333
391	val	0.6910876035690308	0.792
391	test	0.7033271193504333	0.774
392	train	0.5182878375053406	0.8833333333333333
392	val	0.6900182366371155	0.792
392	test	0.7022125124931335	0.772
393	train	0.5158841013908386	0.9166666666666666
393	val	0.6913543343544006	0.798
393	test	0.7046408653259277	0.778
394	train	0.520808756351471	0.9
394	val	0.6960071921348572	0.784
394	test	0.7085329294204712	0.764
395	train	0.5185407996177673	0.9
395	val	0.6937502026557922	0.782
395	test	0.7063325047492981	0.769
396	train	0.5152090191841125	0.8833333333333333
396	val	0.6886836886405945	0.786
396	test	0.7010976076126099	0.77
397	train	0.5158529877662659	0.8833333333333333
397	val	0.6895936131477356	0.784
397	test	0.7019419074058533	0.77
398	train	0.5250070095062256	0.8666666666666667
398	val	0.699850857257843	0.774
398	test	0.7117651700973511	0.758
399	train	0.5228649377822876	0.8666666666666667
399	val	0.6980528831481934	0.776
399	test	0.710002064704895	0.761
400	train	0.5111457109451294	0.8833333333333333
400	val	0.682141125202179	0.79
400	test	0.6941952109336853	0.773
401	train	0.5065577030181885	0.9166666666666666
401	val	0.680548906326294	0.806
401	test	0.6935402154922485	0.776
402	train	0.5100364685058594	0.8833333333333333
402	val	0.6843374967575073	0.788
402	test	0.6968580484390259	0.772
403	train	0.5170892477035522	0.8666666666666667
403	val	0.6902385354042053	0.778
403	test	0.7018985152244568	0.762
404	train	0.5052320957183838	0.9166666666666666
404	val	0.6802368760108948	0.804
404	test	0.6931718587875366	0.776
405	train	0.5080792307853699	0.9
405	val	0.6839342713356018	0.79
405	test	0.6966021060943604	0.772
406	train	0.5089235901832581	0.8833333333333333
406	val	0.6785844564437866	0.792
406	test	0.6898590326309204	0.767
407	train	0.5100088119506836	0.9
407	val	0.687311053276062	0.784
407	test	0.6998886466026306	0.769
408	train	0.5083166360855103	0.8833333333333333
408	val	0.6839857697486877	0.79
408	test	0.69612717628479	0.766
409	train	0.5066446661949158	0.8833333333333333
409	val	0.6829187273979187	0.788
409	test	0.6952227354049683	0.767
410	train	0.5053658485412598	0.8833333333333333
410	val	0.6782236695289612	0.79
410	test	0.6899558305740356	0.767
411	train	0.5021569728851318	0.8833333333333333
411	val	0.6774413585662842	0.792
411	test	0.6897374391555786	0.773
412	train	0.5044339895248413	0.8833333333333333
412	val	0.6782664060592651	0.786
412	test	0.6899631023406982	0.767
413	train	0.499809205532074	0.8833333333333333
413	val	0.6749230027198792	0.792
413	test	0.687086820602417	0.772
414	train	0.5003188848495483	0.9166666666666666
414	val	0.6823875308036804	0.8
414	test	0.6963368654251099	0.78
415	train	0.5007621049880981	0.9166666666666666
415	val	0.681743860244751	0.794
415	test	0.6952710151672363	0.775
416	train	0.49518638849258423	0.9166666666666666
416	val	0.672364354133606	0.806
416	test	0.6854751110076904	0.78
417	train	0.4938948452472687	0.9166666666666666
417	val	0.6714064478874207	0.804
417	test	0.684617817401886	0.778
418	train	0.4979439377784729	0.8833333333333333
418	val	0.6769112348556519	0.788
418	test	0.6896799802780151	0.769
419	train	0.49641698598861694	0.8833333333333333
419	val	0.6751672625541687	0.788
419	test	0.6879482269287109	0.769
420	train	0.5040241479873657	0.8833333333333333
420	val	0.6862197518348694	0.776
420	test	0.6990079879760742	0.759
421	train	0.49911630153656006	0.8666666666666667
421	val	0.6779279708862305	0.784
421	test	0.6901615262031555	0.766
422	train	0.4893266260623932	0.9
422	val	0.6666427254676819	0.808
422	test	0.6795372366905212	0.781
423	train	0.4901386797428131	0.9166666666666666
423	val	0.6708752512931824	0.804
423	test	0.6843289732933044	0.78
424	train	0.4902375340461731	0.9166666666666666
424	val	0.6701399683952332	0.802
424	test	0.6833291053771973	0.779
425	train	0.4941776692867279	0.8833333333333333
425	val	0.6723647713661194	0.788
425	test	0.6846184730529785	0.766
426	train	0.4938473105430603	0.8833333333333333
426	val	0.6722543239593506	0.788
426	test	0.6844664216041565	0.767
427	train	0.4869707524776459	0.9
427	val	0.6659265160560608	0.806
427	test	0.6787302494049072	0.778
428	train	0.49174728989601135	0.9
428	val	0.6741242408752441	0.788
428	test	0.6869905591011047	0.768
429	train	0.486709862947464	0.9166666666666666
429	val	0.6684780120849609	0.802
429	test	0.6816835403442383	0.779
430	train	0.48566561937332153	0.9
430	val	0.6606350541114807	0.794
430	test	0.6725450754165649	0.775
431	train	0.48310890793800354	0.9
431	val	0.662891149520874	0.808
431	test	0.6758942008018494	0.778
432	train	0.4903835952281952	0.8833333333333333
432	val	0.6713327169418335	0.786
432	test	0.6836972832679749	0.767
433	train	0.4866810739040375	0.8833333333333333
433	val	0.6678298711776733	0.79
433	test	0.68050217628479	0.769
434	train	0.4876144826412201	0.9
434	val	0.6718854308128357	0.788
434	test	0.6851891875267029	0.77
435	train	0.4874914884567261	0.9
435	val	0.6714886426925659	0.788
435	test	0.684706449508667	0.768
436	train	0.48969337344169617	0.8833333333333333
436	val	0.6727263331413269	0.78
436	test	0.6853801012039185	0.764
437	train	0.49277257919311523	0.8666666666666667
437	val	0.6740546822547913	0.776
437	test	0.6861969828605652	0.761
438	train	0.4921293258666992	0.8666666666666667
438	val	0.6733176112174988	0.778
438	test	0.6853451132774353	0.761
439	train	0.4850805997848511	0.9
439	val	0.6702337861061096	0.788
439	test	0.6836999654769897	0.77
440	train	0.4852195382118225	0.9
440	val	0.6702449917793274	0.786
440	test	0.683488130569458	0.768
441	train	0.48418128490448	0.8833333333333333
441	val	0.6660292744636536	0.79
441	test	0.6784185767173767	0.768
442	train	0.48086151480674744	0.8833333333333333
442	val	0.6633972525596619	0.79
442	test	0.6760801076889038	0.769
443	train	0.4797126054763794	0.8833333333333333
443	val	0.6604569554328918	0.794
443	test	0.672847330570221	0.772
444	train	0.4791092574596405	0.9166666666666666
444	val	0.6662105321884155	0.804
444	test	0.6802208423614502	0.78
445	train	0.4786287546157837	0.9166666666666666
445	val	0.66436767578125	0.792
445	test	0.6778351068496704	0.775
446	train	0.4766891896724701	0.8833333333333333
446	val	0.65995854139328	0.788
446	test	0.6728918552398682	0.774
447	train	0.47469499707221985	0.9
447	val	0.6543504595756531	0.794
447	test	0.6667417287826538	0.776
448	train	0.473629891872406	0.9
448	val	0.6547700762748718	0.794
448	test	0.6674789190292358	0.776
449	train	0.47655946016311646	0.8833333333333333
449	val	0.6559228301048279	0.79
449	test	0.6680671572685242	0.768
450	train	0.4787023663520813	0.8833333333333333
450	val	0.6585594415664673	0.784
450	test	0.6706259250640869	0.766
451	train	0.47845181822776794	0.9166666666666666
451	val	0.6697484254837036	0.786
451	test	0.6844095587730408	0.771
452	train	0.4750555455684662	0.8833333333333333
452	val	0.6565451622009277	0.796
452	test	0.6690313816070557	0.771
453	train	0.4799174964427948	0.8666666666666667
453	val	0.6619487404823303	0.782
453	test	0.674175500869751	0.767
454	train	0.4715847373008728	0.9166666666666666
454	val	0.6587460041046143	0.804
454	test	0.6724871397018433	0.779
455	train	0.46862465143203735	0.9166666666666666
455	val	0.6535075306892395	0.806
455	test	0.6667898297309875	0.779
456	train	0.4645370841026306	0.9
456	val	0.6434130072593689	0.806
456	test	0.6559150218963623	0.781
457	train	0.46622326970100403	0.9
457	val	0.6503978967666626	0.808
457	test	0.6637424826622009	0.779
458	train	0.4679275453090668	0.9166666666666666
458	val	0.6568674445152283	0.806
458	test	0.671139657497406	0.781
459	train	0.46929067373275757	0.8833333333333333
459	val	0.6544052958488464	0.792
459	test	0.6674666404724121	0.773
460	train	0.4684826135635376	0.9
460	val	0.6549522876739502	0.79
460	test	0.6683341264724731	0.773
461	train	0.4662021994590759	0.9166666666666666
461	val	0.6531540155410767	0.792
461	test	0.6667401194572449	0.776
462	train	0.4614535868167877	0.9
462	val	0.643869161605835	0.81
462	test	0.6568018794059753	0.781
463	train	0.4643131196498871	0.9
463	val	0.6492168307304382	0.792
463	test	0.6623405814170837	0.776
464	train	0.4642219543457031	0.9166666666666666
464	val	0.6516213417053223	0.792
464	test	0.6653075814247131	0.774
465	train	0.45766279101371765	0.9166666666666666
465	val	0.646200954914093	0.808
465	test	0.6607386469841003	0.782
466	train	0.4594726860523224	0.9
466	val	0.6445747017860413	0.808
466	test	0.6580313444137573	0.781
467	train	0.4635000228881836	0.8833333333333333
467	val	0.647763192653656	0.796
467	test	0.6605958938598633	0.771
468	train	0.46551641821861267	0.9
468	val	0.6548589468002319	0.792
468	test	0.6685539484024048	0.77
469	train	0.4607471823692322	0.9166666666666666
469	val	0.6504408717155457	0.796
469	test	0.6643667221069336	0.779
470	train	0.458495169878006	0.9
470	val	0.6453046202659607	0.796
470	test	0.6585485339164734	0.777
471	train	0.45474040508270264	0.9166666666666666
471	val	0.6437733173370361	0.808
471	test	0.6578872799873352	0.78
472	train	0.4588817358016968	0.9
472	val	0.6475057005882263	0.796
472	test	0.6610824465751648	0.775
473	train	0.4606409966945648	0.8833333333333333
473	val	0.6494390964508057	0.792
473	test	0.6628037691116333	0.771
474	train	0.4575479328632355	0.9166666666666666
474	val	0.6471195816993713	0.8
474	test	0.6608192920684814	0.776
475	train	0.4526277780532837	0.9
475	val	0.6332962512969971	0.81
475	test	0.6456935405731201	0.784
476	train	0.45269572734832764	0.9166666666666666
476	val	0.6414483785629272	0.81
476	test	0.6552385091781616	0.784
477	train	0.4568226635456085	0.9166666666666666
477	val	0.6475569605827332	0.796
477	test	0.6612639427185059	0.776
478	train	0.44899094104766846	0.9333333333333333
478	val	0.6400087475776672	0.812
478	test	0.6546224355697632	0.783
479	train	0.4555886387825012	0.8833333333333333
479	val	0.6413771510124207	0.798
479	test	0.6539614200592041	0.774
480	train	0.45777636766433716	0.8833333333333333
480	val	0.6488854885101318	0.792
480	test	0.6621501445770264	0.771
481	train	0.45257580280303955	0.9166666666666666
481	val	0.6454132199287415	0.804
481	test	0.6593939661979675	0.779
482	train	0.45110300183296204	0.9
482	val	0.6406386494636536	0.798
482	test	0.6538463234901428	0.776
483	train	0.4477686285972595	0.9333333333333333
483	val	0.6437325477600098	0.806
483	test	0.6591549515724182	0.784
484	train	0.45387783646583557	0.9
484	val	0.6464177370071411	0.794
484	test	0.6598644256591797	0.773
485	train	0.4502926468849182	0.9
485	val	0.6381388306617737	0.8
485	test	0.651046872138977	0.778
486	train	0.45008108019828796	0.9166666666666666
486	val	0.6419391632080078	0.796
486	test	0.6556517481803894	0.776
487	train	0.44957345724105835	0.9
487	val	0.6385377049446106	0.796
487	test	0.6514620184898376	0.775
488	train	0.44581887125968933	0.9
488	val	0.6335574388504028	0.806
488	test	0.6465237140655518	0.779
489	train	0.4454493820667267	0.9166666666666666
489	val	0.6387161612510681	0.804
489	test	0.6528216004371643	0.781
490	train	0.44363680481910706	0.9166666666666666
490	val	0.6360160112380981	0.808
490	test	0.6500790119171143	0.783
491	train	0.45020467042922974	0.8833333333333333
491	val	0.6427116990089417	0.796
491	test	0.6561757326126099	0.772
492	train	0.4493999481201172	0.9166666666666666
492	val	0.6446452736854553	0.792
492	test	0.6589441299438477	0.776
493	train	0.44340378046035767	0.9166666666666666
493	val	0.6355523467063904	0.804
493	test	0.6494450569152832	0.781
494	train	0.45030319690704346	0.8833333333333333
494	val	0.6435228586196899	0.792
494	test	0.6571219563484192	0.772
495	train	0.4440401792526245	0.9166666666666666
495	val	0.6376519799232483	0.802
495	test	0.6516783237457275	0.778
496	train	0.45076984167099	0.8833333333333333
496	val	0.6430347561836243	0.784
496	test	0.6561028957366943	0.768
497	train	0.4538736045360565	0.8833333333333333
497	val	0.6500616669654846	0.782
497	test	0.663672924041748	0.764
498	train	0.4474448263645172	0.9
498	val	0.6411310434341431	0.796
498	test	0.6547242999076843	0.773
499	train	0.4445090591907501	0.9
499	val	0.6359999775886536	0.798
499	test	0.6492502689361572	0.773
